15 23 7
2 18 26
29 5 14
10 8 27
6 19 11
12 24 3
17 28 21
9 30 4
16 22 13
1 25 20
5 29 18
14 7 12
3 21 8
20 17 30
11 6 27
23 2 25
26 9 4
13 16 19
22 15 10
30 1 28
7 12 17
19 3 29
25 14 2
8 21 9
18 24 5
6 27 11
13 20 22
28 16 30
10 4 23
12 29 1
17 5 26
15 8 18
24 11 7
22 3 28
19 6 14
21 2 30
7 13 9
27 4 25
8 26 1
17 30 20
29 18 12
5 9 23
16 21 3
14 10 19
2 27 13
20 24 6
25 11 28
30 17 15
9 5 22
1 14 19
26 12 7
18 23 3
10 6 30
13 8 21
4 28 16
19 7 25
15 1 24
2 29 11
21 16 27
12 5 8
23 3 14
6 20 19
25 9 10
18 30 22
17 11 13
14 4 28
7 24 15
3 1 26
29 10 12
16 8 19
20 5 30
11 9 27
13 22 2
26 6 18
15 17 23
19 7 29
24 4 9
12 21 5
8 25 11
22 14 6
2 30 10
18 13 16
27 3 20
1 23 17
9 26 4
21 5 28
10 12 19
3 15 7
25 8 20
17 14 6
30 2 9
13 11 23
6 16 4
5 29 27
28 1 22
7 18 30