14 27 6
2 19 25
30 5 13
9 7 28
4 20 12
11 26 3
16 29 22
8 30 1
17 23 14
1 24 21
6 28 19
13 7 11
3 22 9
19 18 29
12 5 30
25 2 24
27 8 4
14 17 20
23 15 10
30 1 26
7 11 16
20 3 28
24 13 2
9 22 6
17 27 4
5 30 10
12 21 18
26 16 29
11 4 25
13 28 1
16 7 26
15 9 17
21 10 8
19 2 27
18 3 29
28 5 15
6 24 20
25 4 13
7 23 9
16 29 21
30 17 11
5 9 22
13 20 4
11 12 18
2 28 15
21 25 7
24 10 30
26 19 16
8 5 29
3 13 18
27 11 6
1 25 14
14 2 30
19 17 9
10 7 23
12 26 20
17 3 21
8 30 4
6 27 18
15 1 24
23 2 19
28 10 9
7 11 25
13 6 22
29 12 16
9 21 3
14 19 28
11 4 20
5 8 17
2 26 12
1 30 15
18 7 27
25 14 3
20 9 16
4 28 13
30 2 22
17 5 26
7 19 21
3 12 29
9 25 18
14 16 10
23 8 20
5 11 26
22 13 6
10 28 7
19 3 30
21 15 4
6 24 18
12 1 27
16 7 9
4 23 14
17 2 30
26 8 19
3 10 25
7 15 18
21 9 27
2 14 29
6 11 24
13 5 19
20 28 1
12 30 10
4 7 16
23 3 17
9 22 26
1 25 13
16 2 29
27 6 19
5 30 18
15 12 4
8 26 20
3 11 9
19 17 14
25 7 28
20 13 6
10 1 30
21 9 24
8 4 17
29 14 11
6 18 23
12 27 3
5 20 15
2 19 30
16 1 21
22 6 17
11 9 14
18 3 26
27 12 8
7 13 29
23 4 30
9 10 19
14 25 2
28 15 5
3 17 11
19 7 20
8 30 12
5 26 18
2 21 10
13 16 6
24 1 27
18 9 22
7 14 25
10 3 29
15 23 5
4 20 11
28 8 19
6 30 13
25 12 17
1 27 9
22 2 26
3 16 5
19 7 28
11 10 21
29 4 20
14 12 6
26 18 2
13 9 23
17 15 8
5 30 14
21 11 3
9 25 20
7 1 16
6 19 24
28 10 18
15 2 29
12 5 21
8 27 1
17 3 26
19 14 11
1 30 7
24 13 25
10 4 17
9 15 22
27 2 20
6 11 29
3 7 18
26 5 13
8 30 12
14 21 4
18 19 9
12 23 1
25 10 27
2 20 6
17 3 28
9 15 24
5 26 7
11 14 19
30 1 16
8 21 20
18 6 25
13 2 27
9 19 12
23 7 3
4 14 29
6 26 10
30 8 15
3 24 5
28 11 21
15 1 23
5 27 7
18 2 30
9 25 16
14 13 19
21 10 6
4 29 12
8 11 20
6 28 3
1 7 26
23 5 30
19 17 14
12 3 27
20 9 4
11 24 18
29 6 21
7 25 13
17 8 22
3 10 19
2 14 28
5 30 12
16 1 29
25 9 7
19 4 26
10 3 27
12 20 6
1 30 17
7 23 14
18 5 21
14 8 9
11 26 2
22 10 28
3 15 6
27 12 24
9 17 7
6 21 25
1 19 13
28 4 23
14 11 2
5 30 10
24 3 15
8 26 20
12 9 21
4 29 7
13 18 25
10 23 5
3 19 27
30 8 9
1 20 12
25 6 16
7 28 13
22 9 24
12 2 5
18 29 4
26 14 7
10 3 21
15 1 28
7 25 20
30 8 6
5 19 24
27 4 18
9 23 1
12 6 13
3 11 26
21 8 17
14 2 30
25 5 10
9 19 27
7 24 13
1 16 29
4 22 8
30 15 6
5 12 26
11 7 28
10 3 14
27 2 19
6 25 15
13 1 30
19 9 11
7 14 17
4 29 26
2 18 12
30 15 3
10 8 23
25 19 5
1 26 13
14 3 21
27 10 8
7 9 29
20 12 6
16 1 30
18 4 23
13 28 9
11 7 25
6 5 17
23 15 3
29 2 20
4 19 26
30 9 12
1 27 7
3 21 18
24 14 5
15 6 28
5 17 11
19 2 9
8 30 22
7 12 16
10 27 4
14 21 3
6 29 20
9 1 18
16 5 25
12 7 10
11 28 4
3 30 22
2 19 24
27 15 6
20 8 9
13 5 21
30 2 17
25 7 28
14 3 18
5 9 12
24 1 6
19 15 10
7 26 2
12 20 8
9 17 5
11 27 13
6 8 14
15 3 30
21 10 1
28 13 9
1 5 27
20 3 8
26 12 4
2 7 14
11 6 25
8 22 13
27 9 1
15 19 5
15 23 7
2 18 26
29 5 14
10 8 27
6 19 11
12 24 3
17 28 21
9 30 4
16 22 13
1 25 20
5 29 18
14 7 12
3 21 8
20 17 30
11 6 27
23 2 25
26 9 4
13 16 19
22 15 10
30 1 28
7 12 17
19 3 29
25 14 2
8 21 9
18 24 5
6 27 11
13 20 22
28 16 30
10 4 23
12 29 1
17 5 26
15 8 18
24 11 7
22 3 28
19 6 14
21 2 30
7 13 9
27 4 25
8 26 1
17 30 20
29 18 12
5 9 23
16 21 3
14 10 19
2 27 13
20 24 6
25 11 28
30 17 15
9 5 22
1 14 19
26 12 7
18 23 3
10 6 30
13 8 21
4 28 16
19 7 25
15 1 24
2 29 11
21 16 27
12 5 8
23 3 14
6 20 19
25 9 10
18 30 22
17 11 13
14 4 28
7 24 15
3 1 26
29 10 12
16 8 19
20 5 30
11 9 27
13 22 2
26 6 18
15 17 23
19 7 29
24 4 9
12 21 5
8 25 11
22 14 6
2 30 10
18 13 16
27 3 20
1 23 17
9 26 4
21 5 28
10 12 19
3 15 7
25 8 20
17 14 6
30 2 9
13 11 23
6 16 4
5 29 27
28 1 22
7 18 30
15 23 7
2 18 26
29 5 14
10 8 27
6 19 11
12 24 3
17 28 21
9 30 4
16 22 13
1 25 20
5 29 18
14 7 12
3 21 8
20 17 30
11 6 27
23 2 25
26 9 4
13 16 19
22 15 10
30 1 28
7 12 17
19 3 29
25 14 2
8 21 9
18 24 5
6 27 11
13 20 22
28 16 30
10 4 23
12 29 1
17 5 26
15 8 18
24 11 7
22 3 28
19 6 14
21 2 30
7 13 9
27 4 25
8 26 1
17 30 20
29 18 12
5 9 23
16 21 3
14 10 19
2 27 13
20 24 6
25 11 28
30 17 15
9 5 22
1 14 19
26 12 7
18 23 3
10 6 30
13 8 21
4 28 16
19 7 25
15 1 24
2 29 11
21 16 27
12 5 8
23 3 14
6 20 19
25 9 10
18 30 22
17 11 13
14 4 28